3;0;1;06.12.2015 20:10:34
1;0
3;1;1;06.12.2015 20:12:26
1;0
2;2;9;09.12.2015 08:39:00
-1;-6
-1;-1
-1;-12
-1;-1
-1;-3
1;-4
-1;-2
-1;-5
-1;-1
2;3;9;09.12.2015 09:26:02
3;-6
4;-1
0;-12
5;-1
6;-3
1;-4
2;-2
7;-5
8;-1
2;4;9;09.12.2015 09:37:21
3;-6
4;-1
0;-12
5;-1
6;-3
1;-4
2;-2
7;-5
8;-1
2;5;9;09.12.2015 09:42:10
3;-6
4;4
0;-12
5;-1
6;-3
1;-4
2;-2
7;-5
8;-1
2;6;9;09.12.2015 11:01:02
3;-6
4;4
0;-12
5;-1
6;-3
1;-4
2;-2
7;-5
8;-1
2;7;9;09.12.2015 12:06:47
3;-6
4;4
0;-12
5;-1
6;-3
1;-4
2;-2
7;-5
8;-1
3;8;1;09.12.2015 12:07:03
1;0
2;9;9;09.12.2015 12:07:15
3;-6
4;4
0;-12
5;-1
6;-3
1;-4
2;-2
7;-5
8;-1
3;10;1;09.12.2015 12:08:16
1;0
2;11;9;09.12.2015 12:08:28
3;-6
4;4
0;-12
5;-1
6;-3
1;-4
2;-2
7;-5
8;-1
3;12;1;09.12.2015 12:10:54
1;0
2;13;9;09.12.2015 12:11:23
3;-6
4;4
0;-12
5;-1
6;-3
1;-4
2;-2
7;-5
8;-1
2;14;9;09.12.2015 14:08:27
3;-6
4;4
0;-12
5;-1
6;-3
1;-4
2;-2
7;-5
8;-1
3;15;2;09.12.2015 14:08:35
1;0
0;3
2;16;9;09.12.2015 14:08:55
3;-6
4;4
0;-12
5;-1
6;-3
1;-4
2;-2
7;-5
8;-1
3;17;2;09.12.2015 14:09:09
1;0
0;3
3;18;2;09.12.2015 14:20:35
1;0
0;3
